1.000000000000000000e+00 7.524414062500000000e-01 5.766601562500000000e-01 7.583007812500000000e-01 7.583007812500000000e-01 7.358398437500000000e-01 7.524414062500000000e-01 7.363281250000000000e-01 7.221679687500000000e-01 5.957031250000000000e-01 7.563476562500000000e-01 7.490234375000000000e-01 7.602539062500000000e-01 6.708984375000000000e-01 7.446289062500000000e-01 7.524414062500000000e-01 7.626953125000000000e-01 7.446289062500000000e-01 7.524414062500000000e-01 7.465820312500000000e-01 0.000000000000000000e+00 7.133789062500000000e-01 7.524414062500000000e-01 7.583007812500000000e-01 0.000000000000000000e+00 7.280273437500000000e-01 7.583007812500000000e-01 7.241210937500000000e-01 0.000000000000000000e+00 7.534179687500000000e-01 7.646484375000000000e-01 7.412109375000000000e-01 5.600585937500000000e-01 7.465820312500000000e-01 7.524414062500000000e-01 6.284179687500000000e-01 3.752441406250000000e-01 7.583007812500000000e-01 6.157226562500000000e-01 7.558593750000000000e-01 5.341796875000000000e-01 7.358398437500000000e-01 5.766601562500000000e-01 7.451171875000000000e-01 7.441406250000000000e-01 7.558593750000000000e-01 5.288085937500000000e-01 7.583007812500000000e-01 7.465820312500000000e-01 7.358398437500000000e-01 6.748046875000000000e-01 6.967773437500000000e-01 7.583007812500000000e-01 7.382812500000000000e-01 7.563476562500000000e-01 7.583007812500000000e-01 7.583007812500000000e-01 7.490234375000000000e-01 7.099609375000000000e-01 6.835937500000000000e-01 5.996093750000000000e-01 5.029296875000000000e-01 7.465820312500000000e-01 7.377929687500000000e-01 7.534179687500000000e-01 0.000000000000000000e+00 7.412109375000000000e-01 7.358398437500000000e-01 6.083984375000000000e-01 7.583007812500000000e-01 7.109375000000000000e-01 6.948242187500000000e-01 5.639648437500000000e-01 7.583007812500000000e-01 7.446289062500000000e-01 7.558593750000000000e-01 7.358398437500000000e-01 6.967773437500000000e-01 7.133789062500000000e-01 6.708984375000000000e-01 7.583007812500000000e-01 7.524414062500000000e-01 5.913085937500000000e-01 7.490234375000000000e-01 5.610351562500000000e-01 7.583007812500000000e-01 7.451171875000000000e-01 7.583007812500000000e-01 7.255859375000000000e-01 7.573242187500000000e-01 5.249023437500000000e-01 7.451171875000000000e-01 7.583007812500000000e-01 7.446289062500000000e-01 7.583007812500000000e-01 5.957031250000000000e-01 7.026367187500000000e-01 7.583007812500000000e-01 0.000000000000000000e+00 7.402343750000000000e-01
7.524414062500000000e-01 1.000000000000000000e+00 7.333984375000000000e-01 9.418945312500000000e-01 9.418945312500000000e-01 6.660156250000000000e-01 1.000000000000000000e+00 8.183593750000000000e-01 8.066406250000000000e-01 6.997070312500000000e-01 7.861328125000000000e-01 8.164062500000000000e-01 8.901367187500000000e-01 8.432617187500000000e-01 7.534179687500000000e-01 1.000000000000000000e+00 8.164062500000000000e-01 7.534179687500000000e-01 1.000000000000000000e+00 8.500976562500000000e-01 0.000000000000000000e+00 8.149414062500000000e-01 1.000000000000000000e+00 9.418945312500000000e-01 0.000000000000000000e+00 6.958007812500000000e-01 9.418945312500000000e-01 7.104492187500000000e-01 0.000000000000000000e+00 8.281250000000000000e-01 8.227539062500000000e-01 8.041992187500000000e-01 6.269531250000000000e-01 8.500976562500000000e-01 1.000000000000000000e+00 7.294921875000000000e-01 5.004882812500000000e-01 9.418945312500000000e-01 6.718750000000000000e-01 8.911132812500000000e-01 6.811523437500000000e-01 6.660156250000000000e-01 7.333984375000000000e-01 8.164062500000000000e-01 8.642578125000000000e-01 8.911132812500000000e-01 6.123046875000000000e-01 9.418945312500000000e-01 9.150390625000000000e-01 6.660156250000000000e-01 8.535156250000000000e-01 8.071289062500000000e-01 9.418945312500000000e-01 7.929687500000000000e-01 7.861328125000000000e-01 9.418945312500000000e-01 9.418945312500000000e-01 8.164062500000000000e-01 8.398437500000000000e-01 8.540039062500000000e-01 6.899414062500000000e-01 6.474609375000000000e-01 9.150390625000000000e-01 8.305664062500000000e-01 8.403320312500000000e-01 0.000000000000000000e+00 8.041992187500000000e-01 7.573242187500000000e-01 7.148437500000000000e-01 9.418945312500000000e-01 8.291015625000000000e-01 7.910156250000000000e-01 7.211914062500000000e-01 9.418945312500000000e-01 7.534179687500000000e-01 8.911132812500000000e-01 6.660156250000000000e-01 8.071289062500000000e-01 8.110351562500000000e-01 8.432617187500000000e-01 9.418945312500000000e-01 1.000000000000000000e+00 6.728515625000000000e-01 8.164062500000000000e-01 6.523437500000000000e-01 9.418945312500000000e-01 8.164062500000000000e-01 9.418945312500000000e-01 8.242187500000000000e-01 8.007812500000000000e-01 5.786132812500000000e-01 8.164062500000000000e-01 9.418945312500000000e-01 7.534179687500000000e-01 9.418945312500000000e-01 6.997070312500000000e-01 8.833007812500000000e-01 9.418945312500000000e-01 0.000000000000000000e+00 8.007812500000000000e-01
5.766601562500000000e-01 7.333984375000000000e-01 1.000000000000000000e+00 7.509765625000000000e-01 7.509765625000000000e-01 5.087890625000000000e-01 7.333984375000000000e-01 6.240234375000000000e-01 6.406250000000000000e-01 6.049804687500000000e-01 6.059570312500000000e-01 6.416015625000000000e-01 7.041015625000000000e-01 6.997070312500000000e-01 5.864257812500000000e-01 7.333984375000000000e-01 6.235351562500000000e-01 5.864257812500000000e-01 7.333984375000000000e-01 6.586914062500000000e-01 0.000000000000000000e+00 6.528320312500000000e-01 7.333984375000000000e-01 7.509765625000000000e-01 0.000000000000000000e+00 5.224609375000000000e-01 7.509765625000000000e-01 5.292968750000000000e-01 0.000000000000000000e+00 6.391601562500000000e-01 6.347656250000000000e-01 6.123046875000000000e-01 5.541992187500000000e-01 6.586914062500000000e-01 7.333984375000000000e-01 6.088867187500000000e-01 5.214843750000000000e-01 7.509765625000000000e-01 5.605468750000000000e-01 7.075195312500000000e-01 6.191406250000000000e-01 5.087890625000000000e-01 1.000000000000000000e+00 6.293945312500000000e-01 6.923828125000000000e-01 7.075195312500000000e-01 5.585937500000000000e-01 7.509765625000000000e-01 7.358398437500000000e-01 5.087890625000000000e-01 7.099609375000000000e-01 6.621093750000000000e-01 7.509765625000000000e-01 6.171875000000000000e-01 6.059570312500000000e-01 7.509765625000000000e-01 7.509765625000000000e-01 6.416015625000000000e-01 6.772460937500000000e-01 7.128906250000000000e-01 5.937500000000000000e-01 5.981445312500000000e-01 7.358398437500000000e-01 6.562500000000000000e-01 6.640625000000000000e-01 0.000000000000000000e+00 6.123046875000000000e-01 5.795898437500000000e-01 6.064453125000000000e-01 7.509765625000000000e-01 6.699218750000000000e-01 6.430664062500000000e-01 6.274414062500000000e-01 7.509765625000000000e-01 5.864257812500000000e-01 7.075195312500000000e-01 5.087890625000000000e-01 6.621093750000000000e-01 6.445312500000000000e-01 6.997070312500000000e-01 7.509765625000000000e-01 7.333984375000000000e-01 5.708007812500000000e-01 6.416015625000000000e-01 5.756835937500000000e-01 7.509765625000000000e-01 6.293945312500000000e-01 7.509765625000000000e-01 6.489257812500000000e-01 6.059570312500000000e-01 5.263671875000000000e-01 6.293945312500000000e-01 7.509765625000000000e-01 5.864257812500000000e-01 7.509765625000000000e-01 6.049804687500000000e-01 7.236328125000000000e-01 7.509765625000000000e-01 0.000000000000000000e+00 6.186523437500000000e-01
7.583007812500000000e-01 9.418945312500000000e-01 7.509765625000000000e-01 1.000000000000000000e+00 1.000000000000000000e+00 6.879882812500000000e-01 9.418945312500000000e-01 8.427734375000000000e-01 8.427734375000000000e-01 7.382812500000000000e-01 8.208007812500000000e-01 8.334960937500000000e-01 9.335937500000000000e-01 8.837890625000000000e-01 7.504882812500000000e-01 9.418945312500000000e-01 8.359375000000000000e-01 7.504882812500000000e-01 9.418945312500000000e-01 8.574218750000000000e-01 0.000000000000000000e+00 8.525390625000000000e-01 9.418945312500000000e-01 1.000000000000000000e+00 0.000000000000000000e+00 7.177734375000000000e-01 1.000000000000000000e+00 7.324218750000000000e-01 0.000000000000000000e+00 8.320312500000000000e-01 8.432617187500000000e-01 7.861328125000000000e-01 6.469726562500000000e-01 8.574218750000000000e-01 9.418945312500000000e-01 7.578125000000000000e-01 5.429687500000000000e-01 1.000000000000000000e+00 7.065429687500000000e-01 9.067382812500000000e-01 7.177734375000000000e-01 6.879882812500000000e-01 7.509765625000000000e-01 7.949218750000000000e-01 8.652343750000000000e-01 9.067382812500000000e-01 6.401367187500000000e-01 1.000000000000000000e+00 9.584960937500000000e-01 6.879882812500000000e-01 8.862304687500000000e-01 8.369140625000000000e-01 1.000000000000000000e+00 8.139648437500000000e-01 8.208007812500000000e-01 1.000000000000000000e+00 1.000000000000000000e+00 8.334960937500000000e-01 8.491210937500000000e-01 8.867187500000000000e-01 7.172851562500000000e-01 6.953125000000000000e-01 9.584960937500000000e-01 8.764648437500000000e-01 8.129882812500000000e-01 0.000000000000000000e+00 7.861328125000000000e-01 7.880859375000000000e-01 7.241210937500000000e-01 1.000000000000000000e+00 8.652343750000000000e-01 8.198242187500000000e-01 7.426757812500000000e-01 1.000000000000000000e+00 7.504882812500000000e-01 9.067382812500000000e-01 6.879882812500000000e-01 8.369140625000000000e-01 8.232421875000000000e-01 8.837890625000000000e-01 1.000000000000000000e+00 9.418945312500000000e-01 7.099609375000000000e-01 8.334960937500000000e-01 6.933593750000000000e-01 1.000000000000000000e+00 7.949218750000000000e-01 1.000000000000000000e+00 8.559570312500000000e-01 8.286132812500000000e-01 6.132812500000000000e-01 7.949218750000000000e-01 1.000000000000000000e+00 7.504882812500000000e-01 1.000000000000000000e+00 7.382812500000000000e-01 9.238281250000000000e-01 1.000000000000000000e+00 0.000000000000000000e+00 8.193359375000000000e-01
7.583007812500000000e-01 9.418945312500000000e-01 7.509765625000000000e-01 1.000000000000000000e+00 1.000000000000000000e+00 6.879882812500000000e-01 9.418945312500000000e-01 8.427734375000000000e-01 8.427734375000000000e-01 7.382812500000000000e-01 8.208007812500000000e-01 8.334960937500000000e-01 9.335937500000000000e-01 8.837890625000000000e-01 7.504882812500000000e-01 9.418945312500000000e-01 8.359375000000000000e-01 7.504882812500000000e-01 9.418945312500000000e-01 8.574218750000000000e-01 0.000000000000000000e+00 8.525390625000000000e-01 9.418945312500000000e-01 1.000000000000000000e+00 0.000000000000000000e+00 7.177734375000000000e-01 1.000000000000000000e+00 7.324218750000000000e-01 0.000000000000000000e+00 8.320312500000000000e-01 8.432617187500000000e-01 7.861328125000000000e-01 6.469726562500000000e-01 8.574218750000000000e-01 9.418945312500000000e-01 7.578125000000000000e-01 5.429687500000000000e-01 1.000000000000000000e+00 7.065429687500000000e-01 9.067382812500000000e-01 7.177734375000000000e-01 6.879882812500000000e-01 7.509765625000000000e-01 7.949218750000000000e-01 8.652343750000000000e-01 9.067382812500000000e-01 6.401367187500000000e-01 1.000000000000000000e+00 9.584960937500000000e-01 6.879882812500000000e-01 8.862304687500000000e-01 8.369140625000000000e-01 1.000000000000000000e+00 8.139648437500000000e-01 8.208007812500000000e-01 1.000000000000000000e+00 1.000000000000000000e+00 8.334960937500000000e-01 8.491210937500000000e-01 8.867187500000000000e-01 7.172851562500000000e-01 6.953125000000000000e-01 9.584960937500000000e-01 8.764648437500000000e-01 8.129882812500000000e-01 0.000000000000000000e+00 7.861328125000000000e-01 7.880859375000000000e-01 7.241210937500000000e-01 1.000000000000000000e+00 8.652343750000000000e-01 8.198242187500000000e-01 7.426757812500000000e-01 1.000000000000000000e+00 7.504882812500000000e-01 9.067382812500000000e-01 6.879882812500000000e-01 8.369140625000000000e-01 8.232421875000000000e-01 8.837890625000000000e-01 1.000000000000000000e+00 9.418945312500000000e-01 7.099609375000000000e-01 8.334960937500000000e-01 6.933593750000000000e-01 1.000000000000000000e+00 7.949218750000000000e-01 1.000000000000000000e+00 8.559570312500000000e-01 8.286132812500000000e-01 6.132812500000000000e-01 7.949218750000000000e-01 1.000000000000000000e+00 7.504882812500000000e-01 1.000000000000000000e+00 7.382812500000000000e-01 9.238281250000000000e-01 1.000000000000000000e+00 0.000000000000000000e+00 8.193359375000000000e-01
7.358398437500000000e-01 6.660156250000000000e-01 5.087890625000000000e-01 6.879882812500000000e-01 6.879882812500000000e-01 1.000000000000000000e+00 6.660156250000000000e-01 7.832031250000000000e-01 6.748046875000000000e-01 6.220703125000000000e-01 7.744140625000000000e-01 7.534179687500000000e-01 7.216796875000000000e-01 5.458984375000000000e-01 7.861328125000000000e-01 6.660156250000000000e-01 7.500000000000000000e-01 7.861328125000000000e-01 6.660156250000000000e-01 7.773437500000000000e-01 0.000000000000000000e+00 6.601562500000000000e-01 6.660156250000000000e-01 6.879882812500000000e-01 0.000000000000000000e+00 7.128906250000000000e-01 6.879882812500000000e-01 5.688476562500000000e-01 0.000000000000000000e+00 7.080078125000000000e-01 6.645507812500000000e-01 8.217773437500000000e-01 5.717773437500000000e-01 7.773437500000000000e-01 6.660156250000000000e-01 6.064453125000000000e-01 3.574218750000000000e-01 6.879882812500000000e-01 5.903320312500000000e-01 6.298828125000000000e-01 4.753417968750000000e-01 1.000000000000000000e+00 5.087890625000000000e-01 7.387695312500000000e-01 6.401367187500000000e-01 6.298828125000000000e-01 5.532226562500000000e-01 6.879882812500000000e-01 6.982421875000000000e-01 1.000000000000000000e+00 5.449218750000000000e-01 6.782226562500000000e-01 6.879882812500000000e-01 6.845703125000000000e-01 7.744140625000000000e-01 6.879882812500000000e-01 6.879882812500000000e-01 7.534179687500000000e-01 6.416015625000000000e-01 5.708007812500000000e-01 5.952148437500000000e-01 4.677734375000000000e-01 6.982421875000000000e-01 7.749023437500000000e-01 5.717773437500000000e-01 0.000000000000000000e+00 8.217773437500000000e-01 7.065429687500000000e-01 5.761718750000000000e-01 6.879882812500000000e-01 6.943359375000000000e-01 6.967773437500000000e-01 5.117187500000000000e-01 6.879882812500000000e-01 7.861328125000000000e-01 6.298828125000000000e-01 1.000000000000000000e+00 6.782226562500000000e-01 6.254882812500000000e-01 5.458984375000000000e-01 6.879882812500000000e-01 6.660156250000000000e-01 5.083007812500000000e-01 7.534179687500000000e-01 6.005859375000000000e-01 6.879882812500000000e-01 7.387695312500000000e-01 6.879882812500000000e-01 6.196289062500000000e-01 7.524414062500000000e-01 5.864257812500000000e-01 7.387695312500000000e-01 6.879882812500000000e-01 7.861328125000000000e-01 6.879882812500000000e-01 6.220703125000000000e-01 5.927734375000000000e-01 6.879882812500000000e-01 0.000000000000000000e+00 5.996093750000000000e-01
7.524414062500000000e-01 1.000000000000000000e+00 7.333984375000000000e-01 9.418945312500000000e-01 9.418945312500000000e-01 6.660156250000000000e-01 1.000000000000000000e+00 8.183593750000000000e-01 8.066406250000000000e-01 6.997070312500000000e-01 7.861328125000000000e-01 8.164062500000000000e-01 8.901367187500000000e-01 8.432617187500000000e-01 7.534179687500000000e-01 1.000000000000000000e+00 8.164062500000000000e-01 7.534179687500000000e-01 1.000000000000000000e+00 8.500976562500000000e-01 0.000000000000000000e+00 8.149414062500000000e-01 1.000000000000000000e+00 9.418945312500000000e-01 0.000000000000000000e+00 6.958007812500000000e-01 9.418945312500000000e-01 7.104492187500000000e-01 0.000000000000000000e+00 8.281250000000000000e-01 8.227539062500000000e-01 8.041992187500000000e-01 6.269531250000000000e-01 8.500976562500000000e-01 1.000000000000000000e+00 7.294921875000000000e-01 5.004882812500000000e-01 9.418945312500000000e-01 6.718750000000000000e-01 8.911132812500000000e-01 6.811523437500000000e-01 6.660156250000000000e-01 7.333984375000000000e-01 8.164062500000000000e-01 8.642578125000000000e-01 8.911132812500000000e-01 6.123046875000000000e-01 9.418945312500000000e-01 9.150390625000000000e-01 6.660156250000000000e-01 8.535156250000000000e-01 8.071289062500000000e-01 9.418945312500000000e-01 7.929687500000000000e-01 7.861328125000000000e-01 9.418945312500000000e-01 9.418945312500000000e-01 8.164062500000000000e-01 8.398437500000000000e-01 8.540039062500000000e-01 6.899414062500000000e-01 6.474609375000000000e-01 9.150390625000000000e-01 8.305664062500000000e-01 8.403320312500000000e-01 0.000000000000000000e+00 8.041992187500000000e-01 7.573242187500000000e-01 7.148437500000000000e-01 9.418945312500000000e-01 8.291015625000000000e-01 7.910156250000000000e-01 7.211914062500000000e-01 9.418945312500000000e-01 7.534179687500000000e-01 8.911132812500000000e-01 6.660156250000000000e-01 8.071289062500000000e-01 8.110351562500000000e-01 8.432617187500000000e-01 9.418945312500000000e-01 1.000000000000000000e+00 6.728515625000000000e-01 8.164062500000000000e-01 6.523437500000000000e-01 9.418945312500000000e-01 8.164062500000000000e-01 9.418945312500000000e-01 8.242187500000000000e-01 8.007812500000000000e-01 5.786132812500000000e-01 8.164062500000000000e-01 9.418945312500000000e-01 7.534179687500000000e-01 9.418945312500000000e-01 6.997070312500000000e-01 8.833007812500000000e-01 9.418945312500000000e-01 0.000000000000000000e+00 8.007812500000000000e-01
7.363281250000000000e-01 8.183593750000000000e-01 6.240234375000000000e-01 8.427734375000000000e-01 8.427734375000000000e-01 7.832031250000000000e-01 8.183593750000000000e-01 1.000000000000000000e+00 7.465820312500000000e-01 6.601562500000000000e-01 7.836914062500000000e-01 7.758789062500000000e-01 8.286132812500000000e-01 6.948242187500000000e-01 7.421875000000000000e-01 8.183593750000000000e-01 7.939453125000000000e-01 7.421875000000000000e-01 8.183593750000000000e-01 8.066406250000000000e-01 0.000000000000000000e+00 7.392578125000000000e-01 8.183593750000000000e-01 8.427734375000000000e-01 0.000000000000000000e+00 7.060546875000000000e-01 8.427734375000000000e-01 6.674804687500000000e-01 0.000000000000000000e+00 7.690429687500000000e-01 7.646484375000000000e-01 7.885742187500000000e-01 5.864257812500000000e-01 8.066406250000000000e-01 8.183593750000000000e-01 6.767578125000000000e-01 4.309082031250000000e-01 8.427734375000000000e-01 6.372070312500000000e-01 7.719726562500000000e-01 5.820312500000000000e-01 7.832031250000000000e-01 6.240234375000000000e-01 7.592773437500000000e-01 7.568359375000000000e-01 7.719726562500000000e-01 5.668945312500000000e-01 8.427734375000000000e-01 8.276367187500000000e-01 7.832031250000000000e-01 6.972656250000000000e-01 7.319335937500000000e-01 8.427734375000000000e-01 7.456054687500000000e-01 7.836914062500000000e-01 8.427734375000000000e-01 8.427734375000000000e-01 7.758789062500000000e-01 7.338867187500000000e-01 7.148437500000000000e-01 6.376953125000000000e-01 5.683593750000000000e-01 8.276367187500000000e-01 8.085937500000000000e-01 7.011718750000000000e-01 0.000000000000000000e+00 7.885742187500000000e-01 7.402343750000000000e-01 6.362304687500000000e-01 8.427734375000000000e-01 7.553710937500000000e-01 7.260742187500000000e-01 6.245117187500000000e-01 8.427734375000000000e-01 7.421875000000000000e-01 7.719726562500000000e-01 7.832031250000000000e-01 7.319335937500000000e-01 7.192382812500000000e-01 6.948242187500000000e-01 8.427734375000000000e-01 8.183593750000000000e-01 6.079101562500000000e-01 7.758789062500000000e-01 6.220703125000000000e-01 8.427734375000000000e-01 7.592773437500000000e-01 8.427734375000000000e-01 7.412109375000000000e-01 8.007812500000000000e-01 5.703125000000000000e-01 7.592773437500000000e-01 8.427734375000000000e-01 7.421875000000000000e-01 8.427734375000000000e-01 6.601562500000000000e-01 7.460937500000000000e-01 8.427734375000000000e-01 0.000000000000000000e+00 7.197265625000000000e-01
7.221679687500000000e-01 8.066406250000000000e-01 6.406250000000000000e-01 8.427734375000000000e-01 8.427734375000000000e-01 6.748046875000000000e-01 8.066406250000000000e-01 7.465820312500000000e-01 1.000000000000000000e+00 6.333007812500000000e-01 7.539062500000000000e-01 7.548828125000000000e-01 8.100585937500000000e-01 8.007812500000000000e-01 7.109375000000000000e-01 8.066406250000000000e-01 7.646484375000000000e-01 7.109375000000000000e-01 8.066406250000000000e-01 7.626953125000000000e-01 0.000000000000000000e+00 7.773437500000000000e-01 8.066406250000000000e-01 8.427734375000000000e-01 0.000000000000000000e+00 6.904296875000000000e-01 8.427734375000000000e-01 6.982421875000000000e-01 0.000000000000000000e+00 7.558593750000000000e-01 7.719726562500000000e-01 7.226562500000000000e-01 5.708007812500000000e-01 7.626953125000000000e-01 8.066406250000000000e-01 6.718750000000000000e-01 4.306640625000000000e-01 8.427734375000000000e-01 6.293945312500000000e-01 7.949218750000000000e-01 6.079101562500000000e-01 6.748046875000000000e-01 6.406250000000000000e-01 7.309570312500000000e-01 7.666015625000000000e-01 7.949218750000000000e-01 5.659179687500000000e-01 8.427734375000000000e-01 8.149414062500000000e-01 6.748046875000000000e-01 8.007812500000000000e-01 7.592773437500000000e-01 8.427734375000000000e-01 7.412109375000000000e-01 7.539062500000000000e-01 8.427734375000000000e-01 8.427734375000000000e-01 7.548828125000000000e-01 7.661132812500000000e-01 7.875976562500000000e-01 6.250000000000000000e-01 5.678710937500000000e-01 8.149414062500000000e-01 7.670898437500000000e-01 7.465820312500000000e-01 0.000000000000000000e+00 7.226562500000000000e-01 7.285156250000000000e-01 6.411132812500000000e-01 8.427734375000000000e-01 7.797851562500000000e-01 7.587890625000000000e-01 6.186523437500000000e-01 8.427734375000000000e-01 7.109375000000000000e-01 7.949218750000000000e-01 6.748046875000000000e-01 7.592773437500000000e-01 7.509765625000000000e-01 8.007812500000000000e-01 8.427734375000000000e-01 8.066406250000000000e-01 6.201171875000000000e-01 7.548828125000000000e-01 5.947265625000000000e-01 8.427734375000000000e-01 7.309570312500000000e-01 8.427734375000000000e-01 7.670898437500000000e-01 7.563476562500000000e-01 5.429687500000000000e-01 7.309570312500000000e-01 8.427734375000000000e-01 7.109375000000000000e-01 8.427734375000000000e-01 6.333007812500000000e-01 8.149414062500000000e-01 8.427734375000000000e-01 0.000000000000000000e+00 7.465820312500000000e-01
5.957031250000000000e-01 6.997070312500000000e-01 6.049804687500000000e-01 7.382812500000000000e-01 7.382812500000000000e-01 6.220703125000000000e-01 6.997070312500000000e-01 6.601562500000000000e-01 6.333007812500000000e-01 1.000000000000000000e+00 6.416015625000000000e-01 6.538085937500000000e-01 7.172851562500000000e-01 6.303710937500000000e-01 6.118164062500000000e-01 6.997070312500000000e-01 6.459960937500000000e-01 6.118164062500000000e-01 6.997070312500000000e-01 6.738281250000000000e-01 0.000000000000000000e+00 6.362304687500000000e-01 6.997070312500000000e-01 7.382812500000000000e-01 0.000000000000000000e+00 5.576171875000000000e-01 7.382812500000000000e-01 5.253906250000000000e-01 0.000000000000000000e+00 6.372070312500000000e-01 6.298828125000000000e-01 6.416015625000000000e-01 5.678710937500000000e-01 6.738281250000000000e-01 6.997070312500000000e-01 6.054687500000000000e-01 5.244140625000000000e-01 7.382812500000000000e-01 5.766601562500000000e-01 6.699218750000000000e-01 5.908203125000000000e-01 6.220703125000000000e-01 6.049804687500000000e-01 6.279296875000000000e-01 6.704101562500000000e-01 6.699218750000000000e-01 5.620117187500000000e-01 7.382812500000000000e-01 7.387695312500000000e-01 6.220703125000000000e-01 6.333007812500000000e-01 6.401367187500000000e-01 7.382812500000000000e-01 6.254882812500000000e-01 6.416015625000000000e-01 7.382812500000000000e-01 7.382812500000000000e-01 6.538085937500000000e-01 6.376953125000000000e-01 6.459960937500000000e-01 6.020507812500000000e-01 5.957031250000000000e-01 7.387695312500000000e-01 6.914062500000000000e-01 6.010742187500000000e-01 0.000000000000000000e+00 6.416015625000000000e-01 6.030273437500000000e-01 5.927734375000000000e-01 7.382812500000000000e-01 6.567382812500000000e-01 6.293945312500000000e-01 6.118164062500000000e-01 7.382812500000000000e-01 6.118164062500000000e-01 6.699218750000000000e-01 6.220703125000000000e-01 6.401367187500000000e-01 6.127929687500000000e-01 6.303710937500000000e-01 7.382812500000000000e-01 6.997070312500000000e-01 5.678710937500000000e-01 6.538085937500000000e-01 6.025390625000000000e-01 7.382812500000000000e-01 6.279296875000000000e-01 7.382812500000000000e-01 6.342773437500000000e-01 6.391601562500000000e-01 5.595703125000000000e-01 6.279296875000000000e-01 7.382812500000000000e-01 6.118164062500000000e-01 7.382812500000000000e-01 1.000000000000000000e+00 6.679687500000000000e-01 7.382812500000000000e-01 0.000000000000000000e+00 5.976562500000000000e-01
7.563476562500000000e-01 7.861328125000000000e-01 6.059570312500000000e-01 8.208007812500000000e-01 8.208007812500000000e-01 7.744140625000000000e-01 7.861328125000000000e-01 7.836914062500000000e-01 7.539062500000000000e-01 6.416015625000000000e-01 1.000000000000000000e+00 7.622070312500000000e-01 8.129882812500000000e-01 6.909179687500000000e-01 7.329101562500000000e-01 7.861328125000000000e-01 8.002929687500000000e-01 7.329101562500000000e-01 7.861328125000000000e-01 7.822265625000000000e-01 0.000000000000000000e+00 7.451171875000000000e-01 7.861328125000000000e-01 8.208007812500000000e-01 0.000000000000000000e+00 7.548828125000000000e-01 8.208007812500000000e-01 7.446289062500000000e-01 0.000000000000000000e+00 7.680664062500000000e-01 7.802734375000000000e-01 7.631835937500000000e-01 5.756835937500000000e-01 7.822265625000000000e-01 7.861328125000000000e-01 6.611328125000000000e-01 4.191894531250000000e-01 8.208007812500000000e-01 6.538085937500000000e-01 7.558593750000000000e-01 5.693359375000000000e-01 7.744140625000000000e-01 6.059570312500000000e-01 7.387695312500000000e-01 7.329101562500000000e-01 7.558593750000000000e-01 5.576171875000000000e-01 8.208007812500000000e-01 7.978515625000000000e-01 7.744140625000000000e-01 6.899414062500000000e-01 7.216796875000000000e-01 8.208007812500000000e-01 7.583007812500000000e-01 1.000000000000000000e+00 8.208007812500000000e-01 8.208007812500000000e-01 7.622070312500000000e-01 7.192382812500000000e-01 7.045898437500000000e-01 6.250000000000000000e-01 5.532226562500000000e-01 7.978515625000000000e-01 7.958984375000000000e-01 6.909179687500000000e-01 0.000000000000000000e+00 7.631835937500000000e-01 7.709960937500000000e-01 6.215820312500000000e-01 8.208007812500000000e-01 7.436523437500000000e-01 7.182617187500000000e-01 6.025390625000000000e-01 8.208007812500000000e-01 7.329101562500000000e-01 7.558593750000000000e-01 7.744140625000000000e-01 7.216796875000000000e-01 7.250976562500000000e-01 6.909179687500000000e-01 8.208007812500000000e-01 7.861328125000000000e-01 6.298828125000000000e-01 7.622070312500000000e-01 6.083984375000000000e-01 8.208007812500000000e-01 7.387695312500000000e-01 8.208007812500000000e-01 7.583007812500000000e-01 8.007812500000000000e-01 5.629882812500000000e-01 7.387695312500000000e-01 8.208007812500000000e-01 7.329101562500000000e-01 8.208007812500000000e-01 6.416015625000000000e-01 7.338867187500000000e-01 8.208007812500000000e-01 0.000000000000000000e+00 7.504882812500000000e-01
7.490234375000000000e-01 8.164062500000000000e-01 6.416015625000000000e-01 8.334960937500000000e-01 8.334960937500000000e-01 7.534179687500000000e-01 8.164062500000000000e-01 7.758789062500000000e-01 7.548828125000000000e-01 6.538085937500000000e-01 7.622070312500000000e-01 1.000000000000000000e+00 8.105468750000000000e-01 7.509765625000000000e-01 7.739257812500000000e-01 8.164062500000000000e-01 7.700195312500000000e-01 7.739257812500000000e-01 8.164062500000000000e-01 7.954101562500000000e-01 0.000000000000000000e+00 7.563476562500000000e-01 8.164062500000000000e-01 8.334960937500000000e-01 0.000000000000000000e+00 6.894531250000000000e-01 8.334960937500000000e-01 6.577148437500000000e-01 0.000000000000000000e+00 7.758789062500000000e-01 7.680664062500000000e-01 7.758789062500000000e-01 6.059570312500000000e-01 7.954101562500000000e-01 8.164062500000000000e-01 6.743164062500000000e-01 4.372558593750000000e-01 8.334960937500000000e-01 6.293945312500000000e-01 8.144531250000000000e-01 6.020507812500000000e-01 7.534179687500000000e-01 6.416015625000000000e-01 7.822265625000000000e-01 8.012695312500000000e-01 8.144531250000000000e-01 5.820312500000000000e-01 8.334960937500000000e-01 8.208007812500000000e-01 7.534179687500000000e-01 7.568359375000000000e-01 7.587890625000000000e-01 8.334960937500000000e-01 7.509765625000000000e-01 7.622070312500000000e-01 8.334960937500000000e-01 8.334960937500000000e-01 1.000000000000000000e+00 7.705078125000000000e-01 7.607421875000000000e-01 6.513671875000000000e-01 5.693359375000000000e-01 8.208007812500000000e-01 7.846679687500000000e-01 7.949218750000000000e-01 0.000000000000000000e+00 7.758789062500000000e-01 7.255859375000000000e-01 6.616210937500000000e-01 8.334960937500000000e-01 7.753906250000000000e-01 7.558593750000000000e-01 6.269531250000000000e-01 8.334960937500000000e-01 7.739257812500000000e-01 8.144531250000000000e-01 7.534179687500000000e-01 7.587890625000000000e-01 7.456054687500000000e-01 7.509765625000000000e-01 8.334960937500000000e-01 8.164062500000000000e-01 6.044921875000000000e-01 1.000000000000000000e+00 6.152343750000000000e-01 8.334960937500000000e-01 7.822265625000000000e-01 8.334960937500000000e-01 7.446289062500000000e-01 7.602539062500000000e-01 5.664062500000000000e-01 7.822265625000000000e-01 8.334960937500000000e-01 7.739257812500000000e-01 8.334960937500000000e-01 6.538085937500000000e-01 7.822265625000000000e-01 8.334960937500000000e-01 0.000000000000000000e+00 7.358398437500000000e-01
7.602539062500000000e-01 8.901367187500000000e-01 7.041015625000000000e-01 9.335937500000000000e-01 9.335937500000000000e-01 7.216796875000000000e-01 8.901367187500000000e-01 8.286132812500000000e-01 8.100585937500000000e-01 7.172851562500000000e-01 8.129882812500000000e-01 8.105468750000000000e-01 1.000000000000000000e+00 8.027343750000000000e-01 7.490234375000000000e-01 8.901367187500000000e-01 8.354492187500000000e-01 7.490234375000000000e-01 8.901367187500000000e-01 8.339843750000000000e-01 0.000000000000000000e+00 8.081054687500000000e-01 8.901367187500000000e-01 9.335937500000000000e-01 0.000000000000000000e+00 7.275390625000000000e-01 9.335937500000000000e-01 7.304687500000000000e-01 0.000000000000000000e+00 8.125000000000000000e-01 8.291015625000000000e-01 7.841796875000000000e-01 6.279296875000000000e-01 8.339843750000000000e-01 8.901367187500000000e-01 7.299804687500000000e-01 5.073242187500000000e-01 9.335937500000000000e-01 6.884765625000000000e-01 8.549804687500000000e-01 6.684570312500000000e-01 7.216796875000000000e-01 7.041015625000000000e-01 7.817382812500000000e-01 8.461914062500000000e-01 8.549804687500000000e-01 6.152343750000000000e-01 9.335937500000000000e-01 9.248046875000000000e-01 7.216796875000000000e-01 8.037109375000000000e-01 7.924804687500000000e-01 9.335937500000000000e-01 8.012695312500000000e-01 8.129882812500000000e-01 9.335937500000000000e-01 9.335937500000000000e-01 8.105468750000000000e-01 8.017578125000000000e-01 8.164062500000000000e-01 6.889648437500000000e-01 6.494140625000000000e-01 9.248046875000000000e-01 8.583984375000000000e-01 7.758789062500000000e-01 0.000000000000000000e+00 7.841796875000000000e-01 7.792968750000000000e-01 6.914062500000000000e-01 9.335937500000000000e-01 8.154296875000000000e-01 7.763671875000000000e-01 6.987304687500000000e-01 9.335937500000000000e-01 7.490234375000000000e-01 8.549804687500000000e-01 7.216796875000000000e-01 7.924804687500000000e-01 7.856445312500000000e-01 8.027343750000000000e-01 9.335937500000000000e-01 8.901367187500000000e-01 6.816406250000000000e-01 8.105468750000000000e-01 6.674804687500000000e-01 9.335937500000000000e-01 7.817382812500000000e-01 9.335937500000000000e-01 8.256835937500000000e-01 8.330078125000000000e-01 5.986328125000000000e-01 7.817382812500000000e-01 9.335937500000000000e-01 7.490234375000000000e-01 9.335937500000000000e-01 7.172851562500000000e-01 8.471679687500000000e-01 9.335937500000000000e-01 0.000000000000000000e+00 7.929687500000000000e-01
6.708984375000000000e-01 8.432617187500000000e-01 6.997070312500000000e-01 8.837890625000000000e-01 8.837890625000000000e-01 5.458984375000000000e-01 8.432617187500000000e-01 6.948242187500000000e-01 8.007812500000000000e-01 6.303710937500000000e-01 6.909179687500000000e-01 7.509765625000000000e-01 8.027343750000000000e-01 1.000000000000000000e+00 6.845703125000000000e-01 8.432617187500000000e-01 7.026367187500000000e-01 6.845703125000000000e-01 8.432617187500000000e-01 7.441406250000000000e-01 0.000000000000000000e+00 8.310546875000000000e-01 8.432617187500000000e-01 8.837890625000000000e-01 0.000000000000000000e+00 5.957031250000000000e-01 8.837890625000000000e-01 6.201171875000000000e-01 0.000000000000000000e+00 7.397460937500000000e-01 7.416992187500000000e-01 6.743164062500000000e-01 5.727539062500000000e-01 7.441406250000000000e-01 8.432617187500000000e-01 6.860351562500000000e-01 4.611816406250000000e-01 8.837890625000000000e-01 5.986328125000000000e-01 8.535156250000000000e-01 6.738281250000000000e-01 5.458984375000000000e-01 6.997070312500000000e-01 7.241210937500000000e-01 8.120117187500000000e-01 8.535156250000000000e-01 5.893554687500000000e-01 8.837890625000000000e-01 8.422851562500000000e-01 5.458984375000000000e-01 9.731445312500000000e-01 8.237304687500000000e-01 8.837890625000000000e-01 7.158203125000000000e-01 6.909179687500000000e-01 8.837890625000000000e-01 8.837890625000000000e-01 7.509765625000000000e-01 8.417968750000000000e-01 9.160156250000000000e-01 6.352539062500000000e-01 6.020507812500000000e-01 8.422851562500000000e-01 7.338867187500000000e-01 8.232421875000000000e-01 0.000000000000000000e+00 6.743164062500000000e-01 6.674804687500000000e-01 6.782226562500000000e-01 8.837890625000000000e-01 8.442382812500000000e-01 8.305664062500000000e-01 6.523437500000000000e-01 8.837890625000000000e-01 6.845703125000000000e-01 8.535156250000000000e-01 5.458984375000000000e-01 8.237304687500000000e-01 7.924804687500000000e-01 1.000000000000000000e+00 8.837890625000000000e-01 8.432617187500000000e-01 6.093750000000000000e-01 7.509765625000000000e-01 5.878906250000000000e-01 8.837890625000000000e-01 7.241210937500000000e-01 8.837890625000000000e-01 7.792968750000000000e-01 6.782226562500000000e-01 5.234375000000000000e-01 7.241210937500000000e-01 8.837890625000000000e-01 6.845703125000000000e-01 8.837890625000000000e-01 6.303710937500000000e-01 9.433593750000000000e-01 8.837890625000000000e-01 0.000000000000000000e+00 7.368164062500000000e-01
7.446289062500000000e-01 7.534179687500000000e-01 5.864257812500000000e-01 7.504882812500000000e-01 7.504882812500000000e-01 7.861328125000000000e-01 7.534179687500000000e-01 7.421875000000000000e-01 7.109375000000000000e-01 6.118164062500000000e-01 7.329101562500000000e-01 7.739257812500000000e-01 7.490234375000000000e-01 6.845703125000000000e-01 1.000000000000000000e+00 7.534179687500000000e-01 7.368164062500000000e-01 1.000000000000000000e+00 7.534179687500000000e-01 7.641601562500000000e-01 0.000000000000000000e+00 7.084960937500000000e-01 7.534179687500000000e-01 7.504882812500000000e-01 0.000000000000000000e+00 6.752929687500000000e-01 7.504882812500000000e-01 6.201171875000000000e-01 0.000000000000000000e+00 7.480468750000000000e-01 7.304687500000000000e-01 7.709960937500000000e-01 5.854492187500000000e-01 7.641601562500000000e-01 7.534179687500000000e-01 6.328125000000000000e-01 3.845214843750000000e-01 7.504882812500000000e-01 5.908203125000000000e-01 7.680664062500000000e-01 5.444335937500000000e-01 7.861328125000000000e-01 5.864257812500000000e-01 7.758789062500000000e-01 7.695312500000000000e-01 7.680664062500000000e-01 5.532226562500000000e-01 7.504882812500000000e-01 7.519531250000000000e-01 7.861328125000000000e-01 6.923828125000000000e-01 7.197265625000000000e-01 7.504882812500000000e-01 7.192382812500000000e-01 7.329101562500000000e-01 7.504882812500000000e-01 7.504882812500000000e-01 7.739257812500000000e-01 7.314453125000000000e-01 6.972656250000000000e-01 6.181640625000000000e-01 5.063476562500000000e-01 7.519531250000000000e-01 7.387695312500000000e-01 7.861328125000000000e-01 0.000000000000000000e+00 7.709960937500000000e-01 6.943359375000000000e-01 6.303710937500000000e-01 7.504882812500000000e-01 7.304687500000000000e-01 7.236328125000000000e-01 5.688476562500000000e-01 7.504882812500000000e-01 1.000000000000000000e+00 7.680664062500000000e-01 7.861328125000000000e-01 7.197265625000000000e-01 7.065429687500000000e-01 6.845703125000000000e-01 7.504882812500000000e-01 7.534179687500000000e-01 5.517578125000000000e-01 7.739257812500000000e-01 5.761718750000000000e-01 7.504882812500000000e-01 7.758789062500000000e-01 7.504882812500000000e-01 6.884765625000000000e-01 7.255859375000000000e-01 5.429687500000000000e-01 7.758789062500000000e-01 7.504882812500000000e-01 1.000000000000000000e+00 7.504882812500000000e-01 6.118164062500000000e-01 7.114257812500000000e-01 7.504882812500000000e-01 0.000000000000000000e+00 6.943359375000000000e-01
7.524414062500000000e-01 1.000000000000000000e+00 7.333984375000000000e-01 9.418945312500000000e-01 9.418945312500000000e-01 6.660156250000000000e-01 1.000000000000000000e+00 8.183593750000000000e-01 8.066406250000000000e-01 6.997070312500000000e-01 7.861328125000000000e-01 8.164062500000000000e-01 8.901367187500000000e-01 8.432617187500000000e-01 7.534179687500000000e-01 1.000000000000000000e+00 8.164062500000000000e-01 7.534179687500000000e-01 1.000000000000000000e+00 8.500976562500000000e-01 0.000000000000000000e+00 8.149414062500000000e-01 1.000000000000000000e+00 9.418945312500000000e-01 0.000000000000000000e+00 6.958007812500000000e-01 9.418945312500000000e-01 7.104492187500000000e-01 0.000000000000000000e+00 8.281250000000000000e-01 8.227539062500000000e-01 8.041992187500000000e-01 6.269531250000000000e-01 8.500976562500000000e-01 1.000000000000000000e+00 7.294921875000000000e-01 5.004882812500000000e-01 9.418945312500000000e-01 6.718750000000000000e-01 8.911132812500000000e-01 6.811523437500000000e-01 6.660156250000000000e-01 7.333984375000000000e-01 8.164062500000000000e-01 8.642578125000000000e-01 8.911132812500000000e-01 6.123046875000000000e-01 9.418945312500000000e-01 9.150390625000000000e-01 6.660156250000000000e-01 8.535156250000000000e-01 8.071289062500000000e-01 9.418945312500000000e-01 7.929687500000000000e-01 7.861328125000000000e-01 9.418945312500000000e-01 9.418945312500000000e-01 8.164062500000000000e-01 8.398437500000000000e-01 8.540039062500000000e-01 6.899414062500000000e-01 6.474609375000000000e-01 9.150390625000000000e-01 8.305664062500000000e-01 8.403320312500000000e-01 0.000000000000000000e+00 8.041992187500000000e-01 7.573242187500000000e-01 7.148437500000000000e-01 9.418945312500000000e-01 8.291015625000000000e-01 7.910156250000000000e-01 7.211914062500000000e-01 9.418945312500000000e-01 7.534179687500000000e-01 8.911132812500000000e-01 6.660156250000000000e-01 8.071289062500000000e-01 8.110351562500000000e-01 8.432617187500000000e-01 9.418945312500000000e-01 1.000000000000000000e+00 6.728515625000000000e-01 8.164062500000000000e-01 6.523437500000000000e-01 9.418945312500000000e-01 8.164062500000000000e-01 9.418945312500000000e-01 8.242187500000000000e-01 8.007812500000000000e-01 5.786132812500000000e-01 8.164062500000000000e-01 9.418945312500000000e-01 7.534179687500000000e-01 9.418945312500000000e-01 6.997070312500000000e-01 8.833007812500000000e-01 9.418945312500000000e-01 0.000000000000000000e+00 8.007812500000000000e-01
